1 2812
2 3084
3 3100
4 2959
5 3328
6 3299
7 3389
8 3332
9 3391
10 3674
11 3269
12 3776
13 3651
14 3949
15 3900
16 3837
17 4043
18 4189
19 4173
20 4386
21 4287
22 4155
23 4414
24 4369
25 4709
26 4825
27 4625
28 4899
29 4936
30 5297
31 5154
32 5137
33 4990
34 5343
35 5346
36 5366
37 5591
38 5721
39 5608
40 5627
41 5839
42 5852
43 6206
44 6048
45 6132
46 6175
47 6614
48 6578
49 6436
50 6680
51 6512
52 6828
53 6910
54 7027
55 7145
56 7287
57 7191
58 7217
59 7456
60 7582
61 7600
62 7752
63 7881
64 8109
65 7971
66 8099
67 8289
68 8382
69 8312
70 8527
71 8649
72 8876
73 8906
74 8852
75 8982
76 8989
77 9154
78 9184
79 9367
80 9464
81 9494
82 9771
83 9676
84 9905
85 9940
86 10222
87 10259
88 10309
89 10341
90 10471
91 10719
92 10710
93 10892
94 10884
95 11078
96 11172
97 11469
98 11503
99 11543
100 11633
101 11787
102 11826
103 11929
104 12012
105 12270
106 12313
107 12505
108 12558
109 12704
110 12800
111 12951
112 13053
113 13203
114 13302
115 13504
116 13554
117 13705
118 13856
119 14111
120 14164
121 14216
122 14418
123 14424
124 14685
125 14791
126 14900
127 15009
128 15118
129 15227
130 15336
131 15445
132 15554
133 15663
134 15772
135 15881
136 15990
137 16099
138 16208
139 16317
140 16426
141 16535
142 16644
143 16753
144 16862
145 16971
146 17080
147 17189
148 17298
149 17407
150 17516
151 17625
152 17734
153 17843
154 17952
155 18061
156 18170
157 18279
158 18388
159 18497
160 18606
161 18715
162 18824
163 18933
164 19042
165 19151
166 19260
167 19369
168 19478
169 19587
170 19696
171 19805
172 19914
173 20023
174 20132
175 20241
176 20350
177 20459
178 20568
179 20677
180 20786
181 20895
182 21004
183 21113
184 21222
185 21331
186 21440
187 21549
188 21658
189 21767
190 21876
191 21985
192 22094
193 22203
194 22312
195 22421
196 22530
197 22639
198 22748
199 22857
200 22966
201 23075
202 23184
203 23293
204 23402
205 23511
206 23620
207 23729
208 23838
209 23947
210 24056
211 24165
212 24274
213 24383
214 24492
215 24601
216 24710
217 24819
218 24928
219 25037
220 25146
221 25255
222 25364
223 25473
224 25582
225 25691
226 25800
227 25909
228 26018
229 26127
230 26236
231 26345
232 26454
233 26563
234 26672
235 26781
236 26890
237 26999
238 27108
239 27217
240 27326
241 27435
242 27544
243 27653
244 27762
245 27871
246 27980
247 28089
248 28198
249 28307
250 28416
251 28525
252 28634
253 28743
254 28852
255 28961
256 29070
257 29179
258 29288
259 29397
260 29506
261 29615
262 29724
263 29833
264 29942
265 30051
266 30160
267 30269
268 30378
269 30487
270 30596
271 30705
272 30814
273 30923
274 31032
275 31141
276 31250
277 31359
278 31468
279 31577
280 31686
281 31795
282 31904
283 32013
284 32122
285 32231
286 32340
287 32449
288 32558
289 32667
290 32776
291 32885
292 32994
293 33103
294 33212
295 33321
296 33430
297 33539
298 33648
299 33757
300 33866
301 33975
302 34084
303 34193
304 34302
305 34411
306 34520
307 34629
308 34738
309 34847
310 34956
311 35065
312 35174
313 35283
314 35392
315 35501
316 35610
317 35719
318 35828
319 35937
320 36046
321 36155
322 36264
323 36373
324 36482
325 36591
326 36700
327 36809
328 36918
329 37027
330 37136
331 37245
332 37354
333 37463
334 37572
335 37681
336 37790
337 37899
338 38008
339 38117
340 38226
341 38335
342 38444
343 38553
344 38662
345 38771
346 38880
347 38989
348 39098
349 39207
350 39316
351 39425
352 39534
353 39643
354 39752
355 39861
356 39970
357 40079
358 40188
359 40297
360 40406
361 40515
362 40624
363 40733
364 40842
365 40951
366 41060
367 41169
368 41278
369 41387
370 41496
371 41605
372 41714
373 41823
374 41932
375 42041
376 42150
377 42259
378 42368
379 42477
380 42586
381 42695
382 42804
383 42913
384 43022
385 43131
386 43240
387 43349
388 43458
389 43567
390 43676
391 43785
392 43894
393 44003
394 44112
395 44221
396 44330
397 44439
398 44548
399 44657
400 44766
401 44875
402 44984
403 45093
404 45202
405 45311
406 45420
407 45529
408 45638
409 45747
410 45856
411 45965
412 46074
413 46183
414 46292
415 46401
416 46510
417 46619
418 46728
419 46837
420 46946
421 47055
422 47164
423 47273
424 47382
425 47491
426 47600
427 47709
428 47818
429 47927
430 48036
431 48145
432 48254
433 48363
434 48472
435 48581
436 48690
437 48799
438 48908
439 49017
440 49126
441 49235
442 49344
443 49453
444 49562
445 49671
446 49780
447 49889
448 49998
449 50107
450 50216
451 50325
452 50434
453 50543
454 50652
455 50761
456 50870
457 50979
458 51088
459 51197
460 51306
461 51415
462 51524
463 51633
464 51742
465 51851
466 51960
467 52069
468 52178
469 52287
470 52396
471 52505
472 52614
473 52723
474 52832
475 52941
476 53050
477 53159
478 53268
479 53377
480 53486
481 53595
482 53704
483 53813
484 53922
485 54031
486 54140
487 54249
488 54358
489 54467
490 54576
491 54685
492 54794
493 54903
494 55012
495 55121
496 55230
497 55339
498 55448
499 55557
500 55666
501 55775
502 55884
503 55993
504 56102
505 56211
506 56320
507 56429
508 56538
509 56647
510 56756
511 56865
512 56974
513 57083
514 57192
515 57301
516 57410
517 57519
518 57628
519 57737
520 57846
521 57955
522 58064
523 58173
524 58282
525 58391
526 58500
527 58609
528 58718
529 58827
530 58936
531 59045
532 59154
533 59263
534 59372
535 59481
536 59590
537 59699
538 59808
539 59917
540 60026
541 60135
542 60244
543 60353
544 60462
545 60571
546 60680
547 60789
548 60898
549 61007
550 61116
551 61225
552 61334
553 61443
554 61552
555 61661
556 61770
557 61879
558 61988
559 62097
560 62206
561 62315
562 62424
563 62533
564 62642
565 62751
566 62860
567 62969
568 63078
569 63187
570 63296
571 63405
572 63514
573 63623
574 63732
575 63841
576 63950
577 64059
578 64168
579 64277
580 64386
581 64495
582 64604
583 64713
584 64822
585 64931
586 65040
587 65149
588 65258
589 65367
590 65476
591 65585
592 65694
593 65803
594 65912
595 66021
596 66130
597 66239
598 66348
599 66457
600 66566
601 66675
602 66784
603 66893
604 67002
605 67111
606 67220
607 67329
608 67438
609 67547
610 67656
611 67765
612 67874
613 67983
614 68092
615 68201
616 68310
617 68419
618 68528
619 68637
620 68746
621 68855
622 68964
623 69073
624 69182
625 69291
626 69400
627 69509
628 69618
629 69727
630 69836
631 69945
632 70054
633 70163
634 70272
635 70381
636 70490
637 70599
638 70708
639 70817
640 70926
641 71035
642 71144
643 71253
644 71362
645 71471
646 71580
647 71689
648 71798
649 71907
650 72016
651 72125
652 72234
653 72343
654 72452
655 72561
656 72670
657 72779
658 72888
659 72997
660 73106
661 73215
662 73324
663 73433
664 73542
665 73651
666 73760
667 73869
668 73978
669 74087
670 74196
671 74305
672 74414
673 74523
674 74632
675 74741
676 74850
677 74959
678 75068
679 75177
680 75286
681 75395
682 75504
683 75613
684 75722
685 75831
686 75940
687 76049
688 76158
689 76267
690 76376
691 76485
692 76594
693 76703
694 76812
695 76921
696 77030
697 77139
698 77248
699 77357
700 77466
701 77575
702 77684
703 77793
704 77902
705 78011
706 78120
707 78229
708 78338
709 78447
710 78556
711 78665
712 78774
713 78883
714 78992
715 79101
716 79210
717 79319
718 79428
719 79537
720 79646
721 79755
722 79864
723 79973
724 80082
725 80191
726 80300
727 80409
728 80518
729 80627
730 80736
731 80845
732 80954
733 81063
734 81172
735 81281
736 81390
737 81499
738 81608
739 81717
740 81826
741 81935
742 82044
743 82153
744 82262
745 82371
746 82480
747 82589
748 82698
749 82807
750 82916
751 83025
752 83134
753 83243
754 83352
755 83461
756 83570
757 83679
758 83788
759 83897
760 84006
761 84115
762 84224
763 84333
764 84442
765 84551
766 84660
767 84769
768 84878
769 84987
770 85096
771 85205
772 85314
773 85423
774 85532
775 85641
776 85750
777 85859
778 85968
779 86077
780 86186
781 86295
782 86404
783 86513
784 86622
785 86731
786 86840
787 86949
788 87058
789 87167
790 87276
791 87385
792 87494
793 87603
794 87712
795 87821
796 87930
797 88039
798 88148
799 88257
800 88366
801 88475
802 88584
803 88693
804 88802
805 88911
806 89020
807 89129
808 89238
809 89347
810 89456
811 89565
812 89674
813 89783
814 89892
815 90001
816 90110
817 90219
818 90328
819 90437
820 90546
821 90655
822 90764
823 90873
824 90982
825 91091
826 91200
827 91309
828 91418
829 91527
830 91636
831 91745
832 91854
833 91963
834 92072
835 92181
836 92290
837 92399
838 92508
839 92617
840 92726
841 92835
842 92944
843 93053
844 93162
845 93271
846 93380
847 93489
848 93598
849 93707
850 93816
851 93925
852 94034
853 94143
854 94252
855 94361
856 94470
857 94579
858 94688
859 94797
860 94906
861 95015
862 95124
863 95233
864 95342
865 95451
866 95560
867 95669
868 95778
869 95887
870 95996
871 96105
872 96214
873 96323
874 96432
875 96541
876 96650
877 96759
878 96868
879 96977
880 97086
881 97195
882 97304
883 97413
884 97522
885 97631
886 97740
887 97849
888 97958
889 98067
890 98176
891 98285
892 98394
893 98503
894 98612
895 98721
896 98830
897 98939
898 99048
899 99157
900 99266
901 99375
902 99484
903 99593
904 99702
905 99811
906 99920
907 100029
908 100138
909 100247
910 100356
911 100465
912 100574
913 100683
914 100792
915 100901
916 101010
917 101119
918 101228
919 101337
920 101446
921 101555
922 101664
923 101773
924 101882
925 101991
926 102100
927 102209
928 102318
929 102427
930 102536
931 102645
932 102754
933 102863
934 102972
935 103081
936 103190
937 103299
938 103408
939 103517
940 103626
941 103735
942 103844
943 103953
944 104062
945 104171
946 104280
947 104389
948 104498
949 104607
950 104716
951 104825
952 104934
953 105043
954 105152
955 105261
956 105370
957 105479
958 105588
959 105697
960 105806
961 105915
962 106024
963 106133
964 106242
965 106351
966 106460
967 106569
968 106678
969 106787
970 106896
971 107005
972 107114
973 107223
974 107332
975 107441
976 107550
977 107659
978 107768
979 107877
980 107986
981 108095
982 108204
983 108313
984 108422
985 108531
986 108640
987 108749
988 108858
989 108967
990 109076
991 109185
992 109294
993 109403
994 109512
995 109621
996 109730
997 109839
998 109948
999 110057
1000 110166
